GIS/rwa_population.asc
ncols         46
nrows         40
xllcorner     706857.990427
yllcorner     9685274.61987
cellsize      5000
NODATA_value  -9999
-9999 -9999 -9999 -9999 -9999 -9999 -9999 -9999 -9999 -9999 -9999 -9999 -9999 -9999 -9999 -9999 -9999 -9999 -9999 -9999 -9999 -9999 -9999 -9999 -9999 -9999 -9999 -9999 -9999 -9999 -9999 -9999 -9999 -9999 -9999 4605 -9999 -9999 -9999 -9999 -9999 -9999 -9999 -9999 -9999 -9999 
-9999 -9999 -9999 -9999 -9999 -9999 -9999 -9999 -9999 -9999 -9999 -9999 -9999 -9999 -9999 -9999 -9999 -9999 -9999 -9999 -9999 -9999 -9999 -9999 -9999 -9999 -9999 -9999 -9999 -9999 -9999 -9999 -9999 2403 14679 3788 -9999 -9999 -9999 -9999 -9999 -9999 -9999 -9999 -9999 -9999 
-9999 -9999 -9999 -9999 -9999 -9999 -9999 -9999 -9999 -9999 -9999 -9999 -9999 -9999 -9999 -9999 -9999 -9999 -9999 -9999 -9999 -9999 -9999 -9999 -9999 -9999 -9999 -9999 -9999 -9999 -9999 -9999 1590 1575 12745 782 -9999 -9999 -9999 -9999 -9999 -9999 -9999 -9999 -9999 -9999 
-9999 -9999 -9999 -9999 -9999 -9999 -9999 -9999 -9999 -9999 -9999 -9999 -9999 -9999 -9999 -9999 -9999 -9999 -9999 -9999 -9999 -9999 -9999 -9999 -9999 -9999 -9999 -9999 -9999 -9999 -9999 -9999 2539 1370 6156 1439 1005 -9999 -9999 -9999 -9999 -9999 -9999 -9999 -9999 -9999 
-9999 -9999 -9999 -9999 -9999 -9999 -9999 -9999 -9999 -9999 -9999 -9999 -9999 -9999 -9999 -9999 -9999 -9999 -9999 -9999 -9999 -9999 -9999 -9999 -9999 -9999 -9999 -9999 -9999 -9999 -9999 3179 3104 2068 8712 2104 614 -9999 -9999 -9999 -9999 -9999 -9999 -9999 -9999 -9999 
-9999 -9999 -9999 -9999 -9999 -9999 -9999 -9999 -9999 -9999 -9999 -9999 -9999 -9999 -9999 -9999 -9999 -9999 -9999 -9999 -9999 -9999 -9999 -9999 -9999 -9999 -9999 -9999 -9999 5202 4248 3270 8203 2516 4419 765 120 51 -9999 -9999 -9999 -9999 -9999 -9999 -9999 -9999 
-9999 -9999 -9999 -9999 -9999 -9999 -9999 -9999 -9999 -9999 -9999 -9999 -9999 -9999 -9999 -9999 -9999 -9999 -9999 -9999 -9999 9456 -9999 -9999 -9999 -9999 -9999 -9999 -9999 11904 13005 8451 3909 2070 2430 542 253 128 -9999 -9999 -9999 -9999 -9999 -9999 -9999 -9999 
-9999 -9999 -9999 -9999 -9999 -9999 -9999 -9999 -9999 -9999 -9999 -9999 -9999 -9999 -9999 -9999 -9999 -9999 5955 37019 17754 20887 11480 -9999 -9999 -9999 -9999 3779 8615 14227 15577 14268 6294 3545 3142 740 246 130 125 -9999 -9999 -9999 -9999 -9999 -9999 -9999 
-9999 -9999 -9999 -9999 -9999 -9999 -9999 -9999 -9999 -9999 -9999 -9999 -9999 -9999 -9999 10960 12407 12285 29156 27358 6304 21197 16495 -9999 -9999 -9999 8221 9321 10036 13648 13684 15382 12650 2125 6564 2096 483 179 133 173 125 -9999 -9999 -9999 -9999 -9999 
-9999 -9999 -9999 -9999 -9999 -9999 -9999 -9999 -9999 -9999 -9999 -9999 -9999 -9999 11018 20690 29180 24277 29303 22018 4404 19375 14117 -9999 10757 19748 15951 12211 7304 11298 12609 15909 9729 1115 6719 2075 952 232 176 243 95 114 -9999 -9999 -9999 -9999 
-9999 -9999 -9999 -9999 -9999 -9999 -9999 -9999 -9999 -9999 -9999 14458 912 951 8239 27629 26912 65194 26549 16987 16342 20797 15239 12380 22079 23103 16854 15175 7758 10174 11128 10499 988 482 3311 376 190 148 172 227 133 107 -9999 -9999 -9999 -9999 
-9999 -9999 -9999 -9999 -9999 -9999 -9999 -9999 -9999 -9999 -9999 29492 14945 6825 18984 33002 21007 28153 32009 25769 23916 17218 16493 12023 16453 21753 29820 14690 10621 9907 14799 12470 5078 3573 1542 398 268 227 205 533 387 206 87 -9999 -9999 -9999 
-9999 -9999 -9999 -9999 -9999 -9999 -9999 -9999 -9999 -9999 22794 25004 31741 25473 30579 21859 17030 22366 23464 20931 22680 18131 17653 20027 21604 21720 31491 34529 11956 9187 12856 13187 10921 8499 7197 3053 2646 723 251 261 373 194 194 -9999 -9999 -9999 
-9999 -9999 -9999 -9999 -9999 -9999 -9999 -9999 -9999 17604 25839 28328 29586 21413 26369 24009 20289 21504 20011 17049 22226 18572 17223 21012 22560 19521 17361 14773 16155 11870 10281 9374 10471 11047 9364 8565 2774 965 137 110 154 128 166 166 -9999 -9999 
-9999 -9999 -9999 -9999 -9999 -9999 -9999 -9999 -9999 58336 37914 17515 7425 8092 22134 22319 16877 23085 18319 16518 16389 15377 18453 19175 20097 13601 14446 12854 14029 13356 10245 12939 13096 10225 12758 11206 2826 682 118 71 147 71 142 135 -9999 -9999 
-9999 -9999 -9999 -9999 -9999 -9999 -9999 -9999 -9999 36862 29220 22239 3139 3304 15345 24639 21045 21704 13142 13754 9956 13368 17248 18085 15964 12720 13946 10946 12910 15924 11037 16106 15272 13162 9652 9774 6957 1439 500 175 133 146 113 122 -9999 -9999 
-9999 -9999 -9999 -9999 -9999 -9999 -9999 -9999 -9999 25495 23716 10026 1215 4757 13600 20131 23336 17249 17284 10976 8725 10139 13482 13570 11445 12381 19970 14258 12004 13936 13575 16268 14965 13678 17930 14826 8922 2356 3114 301 204 172 149 151 -9999 -9999 
-9999 -9999 -9999 -9999 -9999 -9999 -9999 -9999 -9999 -9999 19554 7621 7906 5296 19221 19115 19713 18603 17052 11103 13654 12070 15806 13879 11233 12808 21157 14144 12242 11356 13484 12284 12740 13778 13117 11164 15302 7075 5376 292 530 226 87 13 -9999 -9999 
-9999 -9999 -9999 -9999 -9999 -9999 -9999 -9999 -9999 -9999 23708 21871 9759 7580 14662 14972 16020 17918 13910 10429 12453 11515 10897 16212 13633 15517 21929 14022 10485 9682 13380 11488 9921 10209 9866 11086 11340 7490 4947 689 237 293 63 12 -9999 -9999 
-9999 -9999 -9999 -9999 -9999 -9999 -9999 -9999 -9999 10949 16738 20103 11064 13955 12296 14782 17296 18037 14388 13002 11567 16940 16097 25108 16113 13105 95262 57331 28636 9671 12048 10741 10227 12415 15008 29369 20144 9517 9084 5805 3658 147 147 -9999 -9999 -9999 
-9999 -9999 -9999 -9999 -9999 -9999 -9999 -9999 -9999 -9999 8069 14628 10999 14654 8421 14664 15976 16119 14422 11479 14587 14234 14589 20838 20212 17885 286928 211246 93070 30350 23210 9772 9361 10506 12855 23781 12188 11670 6316 6593 3260 677 2810 310 -9999 -9999 
-9999 -9999 -9999 -9999 -9999 -9999 -9999 -9999 -9999 -9999 -9999 16091 10395 11511 4673 12540 14323 13089 14880 11428 17768 14625 14505 16810 11241 9344 24122 32278 13744 16887 16013 12137 11409 9378 7477 10486 8689 14532 8302 7921 3853 2609 1544 695 -9999 -9999 
-9999 -9999 -9999 -9999 -9999 -9999 -9999 -9999 -9999 -9999 -9999 10311 25341 11839 13353 11845 13007 12300 15154 25819 36133 20123 14813 12135 12300 6811 8674 8955 7264 7443 10417 11230 10039 11208 11834 9305 11467 12158 7307 7181 7486 3862 869 1280 797 -9999 
-9999 -9999 -9999 -9999 -9999 -9999 -9999 -9999 -9999 9692 10443 12522 17218 14484 11295 10930 11959 13152 11511 35231 30390 15555 15143 10467 16247 6928 5640 4015 10314 10167 9074 10248 10327 8126 10961 10303 9482 14041 9190 10011 12643 8568 5352 4214 2820 -9999 
-9999 -9999 -9999 -9999 -9999 -9999 -9999 -9999 -9999 13446 24576 16431 8468 9707 13515 12801 11294 14539 13520 19701 18018 13768 13707 11071 11630 5759 4230 13013 6617 10414 10406 5360 5054 7685 13834 10593 11191 22518 14358 6859 6326 6629 4973 5100 3219 -9999 
-9999 -9999 -9999 -9999 -9999 -9999 -9999 -9999 10575 12865 4290 11426 11688 10071 9670 12334 10870 12903 12806 14242 17860 14862 10119 14433 11556 10325 8175 6528 12411 16502 11275 4398 8493 9367 8778 10342 10923 13522 12615 7778 5489 3991 5517 9075 -9999 -9999 
-9999 -9999 -9999 -9999 -9999 -9999 -9999 9577 14203 9396 9581 13043 12125 8104 9403 8770 11088 16619 14239 15157 29267 14900 12132 11619 11446 10770 11590 10422 5994 6651 9433 4786 5182 9308 12629 6932 9021 11557 12180 10421 7527 5235 4848 10311 -9999 -9999 
-9999 -9999 -9999 -9999 -9999 -9999 6266 18705 21234 6000 4035 14853 12326 8802 6919 9294 10001 11473 13005 13987 17724 15087 11519 14622 9670 12007 13098 11890 6075 196 3944 7103 5060 8487 9370 7109 8037 9838 14556 10657 12177 9386 10354 5259 -9999 -9999 
-9999 -9999 -9999 19133 -9999 15348 22795 15549 23494 2566 314 5110 17831 11641 9720 7291 9194 9548 11741 13391 20180 11743 9679 12483 7185 13488 15075 12384 7222 1121 4442 3018 1057 2402 -9999 3775 12891 10875 10719 7288 6578 9451 9572 7264 -9999 -9999 
-9999 -9999 -9999 28002 -9999 16795 14070 12436 8063 713 204 4686 18193 8989 6274 9375 10114 9315 9712 30182 14342 9530 8582 11158 -9999 -9999 4513 10818 5814 334 -9999 3028 14 -9999 -9999 -9999 7949 10226 8885 8867 4329 -9999 10198 -9999 -9999 -9999 
-9999 29674 26386 22139 14472 8352 6707 12842 6638 443 331 2954 15951 12157 8350 10973 12561 13623 11707 7916 11420 8688 9736 10213 3519 -9999 -9999 4657 7936 1325 -9999 -9999 -9999 -9999 -9999 -9999 -9999 2745 1230 -9999 -9999 -9999 -9999 -9999 -9999 -9999 
-9999 38186 18184 15071 4908 2731 335 4293 94 654 776 2258 11508 17841 13296 21934 20082 14869 14046 15161 13893 11865 11019 12390 7630 -9999 -9999 -9999 -9999 -9999 -9999 -9999 -9999 -9999 -9999 -9999 -9999 -9999 -9999 -9999 -9999 -9999 -9999 -9999 -9999 -9999 
-9999 17629 14491 26015 11827 337 364 355 340 411 732 1086 10363 19476 14717 14300 18175 17053 17645 14282 14748 12838 13798 10552 -9999 -9999 -9999 -9999 -9999 -9999 -9999 -9999 -9999 -9999 -9999 -9999 -9999 -9999 -9999 -9999 -9999 -9999 -9999 -9999 -9999 -9999 
9561 13264 16991 29431 19708 6144 2715 436 404 423 871 831 3432 14241 12108 9440 9488 11187 16719 23208 25691 12022 12355 6395 -9999 -9999 -9999 -9999 -9999 -9999 -9999 -9999 -9999 -9999 -9999 -9999 -9999 -9999 -9999 -9999 -9999 -9999 -9999 -9999 -9999 -9999 
-9999 17113 20939 22735 12424 5133 6290 12228 3749 597 776 632 2584 13527 11576 7454 4868 9748 18220 49378 25675 14075 10808 7655 -9999 -9999 -9999 -9999 -9999 -9999 -9999 -9999 -9999 -9999 -9999 -9999 -9999 -9999 -9999 -9999 -9999 -9999 -9999 -9999 -9999 -9999 
-9999 20186 22963 20880 -9999 -9999 -9999 -9999 -9999 -9999 668 606 6858 11033 5992 8219 10024 12258 11916 37425 19009 8591 12160 6850 -9999 -9999 -9999 -9999 -9999 -9999 -9999 -9999 -9999 -9999 -9999 -9999 -9999 -9999 -9999 -9999 -9999 -9999 -9999 -9999 -9999 -9999 
-9999 -9999 6334 32390 -9999 -9999 -9999 -9999 -9999 -9999 170 771 9515 13271 5958 9078 10864 11469 12788 17945 15734 11034 18310 5430 -9999 -9999 -9999 -9999 -9999 -9999 -9999 -9999 -9999 -9999 -9999 -9999 -9999 -9999 -9999 -9999 -9999 -9999 -9999 -9999 -9999 -9999 
-9999 -9999 -9999 -9999 -9999 -9999 -9999 -9999 -9999 -9999 -9999 942 6666 13659 6823 10888 11378 14134 11313 16883 13954 16347 18524 -9999 -9999 -9999 -9999 -9999 -9999 -9999 -9999 -9999 -9999 -9999 -9999 -9999 -9999 -9999 -9999 -9999 -9999 -9999 -9999 -9999 -9999 -9999 
-9999 -9999 -9999 -9999 -9999 -9999 -9999 -9999 -9999 -9999 -9999 645 4413 13981 11951 12190 18209 13058 14324 20083 -9999 5702 -9999 -9999 -9999 -9999 -9999 -9999 -9999 -9999 -9999 -9999 -9999 -9999 -9999 -9999 -9999 -9999 -9999 -9999 -9999 -9999 -9999 -9999 -9999 -9999 
-9999 -9999 -9999 -9999 -9999 -9999 -9999 -9999 -9999 -9999 -9999 309 162 -9999 7915 -9999 -9999 -9999 -9999 -9999 -9999 -9999 -9999 -9999 -9999 -9999 -9999 -9999 -9999 -9999 -9999 -9999 -9999 -9999 -9999 -9999 -9999 -9999 -9999 -9999 -9999 -9999 -9999 -9999 -9999 -9999 
