GIS/rwa_district.asc
ncols         46
nrows         40
xllcorner     706857.990427
yllcorner     9685274.61987
cellsize      5000
NODATA_value  -9999
-9999 -9999 -9999 -9999 -9999 -9999 -9999 -9999 -9999 -9999 -9999 -9999 -9999 -9999 -9999 -9999 -9999 -9999 -9999 -9999 -9999 -9999 -9999 -9999 -9999 -9999 -9999 -9999 -9999 -9999 -9999 -9999 -9999 -9999 -9999 6 -9999 -9999 -9999 -9999 -9999 -9999 -9999 -9999 -9999 -9999
-9999 -9999 -9999 -9999 -9999 -9999 -9999 -9999 -9999 -9999 -9999 -9999 -9999 -9999 -9999 -9999 -9999 -9999 -9999 -9999 -9999 -9999 -9999 -9999 -9999 -9999 -9999 -9999 -9999 -9999 -9999 -9999 -9999 6 6 6 -9999 -9999 -9999 -9999 -9999 -9999 -9999 -9999 -9999 -9999
-9999 -9999 -9999 -9999 -9999 -9999 -9999 -9999 -9999 -9999 -9999 -9999 -9999 -9999 -9999 -9999 -9999 -9999 -9999 -9999 -9999 -9999 -9999 -9999 -9999 -9999 -9999 -9999 -9999 -9999 -9999 -9999 6 6 6 6 -9999 -9999 -9999 -9999 -9999 -9999 -9999 -9999 -9999 -9999
-9999 -9999 -9999 -9999 -9999 -9999 -9999 -9999 -9999 -9999 -9999 -9999 -9999 -9999 -9999 -9999 -9999 -9999 -9999 -9999 -9999 -9999 -9999 -9999 -9999 -9999 -9999 -9999 -9999 -9999 -9999 -9999 6 6 6 6 6 -9999 -9999 -9999 -9999 -9999 -9999 -9999 -9999 -9999
-9999 -9999 -9999 -9999 -9999 -9999 -9999 -9999 -9999 -9999 -9999 -9999 -9999 -9999 -9999 -9999 -9999 -9999 -9999 -9999 -9999 -9999 -9999 -9999 -9999 -9999 -9999 -9999 -9999 -9999 -9999 6 6 6 6 6 6 -9999 -9999 -9999 -9999 -9999 -9999 -9999 -9999 -9999
-9999 -9999 -9999 -9999 -9999 -9999 -9999 -9999 -9999 -9999 -9999 -9999 -9999 -9999 -9999 -9999 -9999 -9999 -9999 -9999 -9999 -9999 -9999 -9999 -9999 -9999 -9999 -9999 -9999 6 6 6 6 6 6 6 6 6 -9999 -9999 -9999 -9999 -9999 -9999 -9999 -9999
-9999 -9999 -9999 -9999 -9999 -9999 -9999 -9999 -9999 -9999 -9999 -9999 -9999 -9999 -9999 -9999 -9999 -9999 -9999 -9999 -9999 11 -9999 -9999 -9999 -9999 -9999 -9999 -9999 6 6 6 6 6 6 6 6 6 -9999 -9999 -9999 -9999 -9999 -9999 -9999 -9999
-9999 -9999 -9999 -9999 -9999 -9999 -9999 -9999 -9999 -9999 -9999 -9999 -9999 -9999 -9999 -9999 -9999 -9999 11 11 11 11 11 -9999 -9999 -9999 -9999 6 6 6 6 6 6 6 6 6 6 6 6 -9999 -9999 -9999 -9999 -9999 -9999 -9999
-9999 -9999 -9999 -9999 -9999 -9999 -9999 -9999 -9999 -9999 -9999 -9999 -9999 -9999 -9999 14 14 14 11 11 11 11 11 -9999 -9999 -9999 13 6 6 6 6 6 6 6 6 6 6 6 6 6 6 -9999 -9999 -9999 -9999 -9999
-9999 -9999 -9999 -9999 -9999 -9999 -9999 -9999 -9999 -9999 -9999 -9999 -9999 -9999 14 14 14 14 14 11 11 11 11 -9999 11 13 13 13 6 6 6 6 6 6 6 6 6 6 6 6 6 2 -9999 -9999 -9999 -9999
-9999 -9999 -9999 -9999 -9999 -9999 -9999 -9999 -9999 -9999 -9999 28 26 14 14 14 14 14 14 14 11 11 11 11 11 13 13 13 13 6 2 2 6 6 2 2 2 2 2 2 2 2 -9999 -9999 -9999 -9999
-9999 -9999 -9999 -9999 -9999 -9999 -9999 -9999 -9999 -9999 -9999 28 26 26 14 14 14 14 14 14 11 11 11 11 11 13 13 13 13 2 2 2 2 2 2 2 2 2 2 2 2 2 2 -9999 -9999 -9999
-9999 -9999 -9999 -9999 -9999 -9999 -9999 -9999 -9999 -9999 28 28 26 26 26 26 26 14 12 12 12 12 11 11 13 13 13 13 13 2 2 2 2 2 2 2 2 2 2 2 2 2 2 -9999 -9999 -9999
-9999 -9999 -9999 -9999 -9999 -9999 -9999 -9999 -9999 28 28 28 26 26 26 26 26 12 12 12 12 12 12 15 15 15 15 13 13 13 2 2 2 2 2 2 2 3 3 3 3 3 3 2 -9999 -9999
-9999 -9999 -9999 -9999 -9999 -9999 -9999 -9999 -9999 28 28 28 26 26 26 26 26 12 12 12 12 12 12 15 15 15 15 13 13 13 13 2 2 2 2 2 3 3 3 3 3 3 3 3 -9999 -9999
-9999 -9999 -9999 -9999 -9999 -9999 -9999 -9999 -9999 28 28 28 30 26 26 26 26 25 12 12 12 12 12 15 15 15 15 13 13 13 13 2 2 2 2 3 3 3 3 3 3 3 3 3 -9999 -9999
-9999 -9999 -9999 -9999 -9999 -9999 -9999 -9999 -9999 30 30 30 30 25 25 25 25 25 19 19 12 12 12 12 15 15 15 15 13 13 13 2 2 2 2 3 3 3 3 3 3 3 3 3 -9999 -9999
-9999 -9999 -9999 -9999 -9999 -9999 -9999 -9999 -9999 -9999 30 30 30 25 25 25 25 25 19 19 19 12 12 15 15 15 15 8 8 8 13 7 2 2 2 3 3 3 3 3 3 3 3 3 -9999 -9999
-9999 -9999 -9999 -9999 -9999 -9999 -9999 -9999 -9999 -9999 30 30 30 25 25 25 25 25 19 19 19 18 18 18 15 8 8 8 8 8 8 7 7 2 7 7 3 3 3 3 3 3 3 3 -9999 -9999
-9999 -9999 -9999 -9999 -9999 -9999 -9999 -9999 -9999 30 30 30 30 30 25 25 25 25 19 19 19 18 18 18 18 10 8 8 8 8 8 7 7 7 7 7 3 3 3 3 3 3 3 -9999 -9999 -9999
-9999 -9999 -9999 -9999 -9999 -9999 -9999 -9999 -9999 -9999 30 30 30 30 30 25 25 25 19 19 19 18 18 18 18 10 10 8 8 8 8 7 7 7 7 7 3 3 3 3 3 3 3 3 -9999 -9999
-9999 -9999 -9999 -9999 -9999 -9999 -9999 -9999 -9999 -9999 -9999 30 30 30 30 25 25 19 19 19 19 18 18 18 18 10 10 9 9 9 9 7 7 7 7 7 3 3 3 3 3 3 3 4 -9999 -9999
-9999 -9999 -9999 -9999 -9999 -9999 -9999 -9999 -9999 -9999 -9999 24 24 24 30 25 25 19 19 19 19 18 18 18 18 10 10 9 1 1 7 7 7 7 7 7 3 3 3 3 3 3 4 4 4 -9999
-9999 -9999 -9999 -9999 -9999 -9999 -9999 -9999 -9999 24 24 24 24 24 24 24 24 19 19 19 19 18 18 18 18 18 1 1 1 1 1 7 7 5 5 5 5 5 5 3 3 4 4 4 4 -9999
-9999 -9999 -9999 -9999 -9999 -9999 -9999 -9999 -9999 24 24 24 24 24 24 24 24 23 23 23 23 23 23 18 18 1 1 1 1 1 1 5 5 5 5 5 5 5 5 5 4 4 4 4 4 -9999
-9999 -9999 -9999 -9999 -9999 -9999 -9999 -9999 27 24 24 24 24 24 24 24 23 23 23 23 23 23 23 23 18 1 1 1 1 1 1 5 5 5 5 5 5 5 5 5 4 4 4 4 -9999 -9999
-9999 -9999 -9999 -9999 -9999 -9999 -9999 27 27 27 24 24 24 24 24 20 23 23 23 23 23 23 23 23 23 1 1 1 1 1 1 1 1 5 5 5 5 5 4 4 4 4 4 4 -9999 -9999
-9999 -9999 -9999 -9999 -9999 -9999 27 27 27 27 24 24 20 20 20 20 20 21 21 21 21 21 23 21 21 1 1 1 1 1 1 1 1 5 5 5 5 5 4 4 4 4 4 4 -9999 -9999
-9999 -9999 -9999 27 -9999 27 27 27 27 27 20 20 20 20 20 20 21 21 21 21 21 21 21 21 21 1 1 1 1 1 1 1 1 5 -9999 5 4 4 4 4 4 4 4 4 -9999 -9999
-9999 -9999 -9999 27 -9999 27 27 27 27 27 27 20 20 20 20 20 20 21 21 21 21 21 21 21 -9999 -9999 1 1 1 1 -9999 1 1 -9999 -9999 -9999 4 4 4 4 4 -9999 4 -9999 -9999 -9999
-9999 29 27 27 27 27 27 27 27 27 20 20 20 20 20 20 20 20 17 17 17 21 21 21 16 -9999 -9999 1 1 1 -9999 -9999 -9999 -9999 -9999 -9999 -9999 4 4 -9999 -9999 -9999 -9999 -9999 -9999 -9999
-9999 29 29 27 27 27 27 27 27 20 20 20 20 20 20 20 20 17 17 17 17 17 16 16 16 -9999 -9999 -9999 -9999 -9999 -9999 -9999 -9999 -9999 -9999 -9999 -9999 -9999 -9999 -9999 -9999 -9999 -9999 -9999 -9999 -9999
-9999 29 29 27 27 27 29 29 29 29 20 20 20 20 20 20 17 17 17 17 17 16 16 16 -9999 -9999 -9999 -9999 -9999 -9999 -9999 -9999 -9999 -9999 -9999 -9999 -9999 -9999 -9999 -9999 -9999 -9999 -9999 -9999 -9999 -9999
29 29 29 29 29 29 29 29 29 29 29 20 20 20 20 22 17 17 17 17 16 16 16 16 -9999 -9999 -9999 -9999 -9999 -9999 -9999 -9999 -9999 -9999 -9999 -9999 -9999 -9999 -9999 -9999 -9999 -9999 -9999 -9999 -9999 -9999
-9999 29 29 29 29 29 29 29 29 29 29 22 22 22 22 22 22 17 17 17 16 16 16 16 -9999 -9999 -9999 -9999 -9999 -9999 -9999 -9999 -9999 -9999 -9999 -9999 -9999 -9999 -9999 -9999 -9999 -9999 -9999 -9999 -9999 -9999
-9999 29 29 29 -9999 -9999 -9999 -9999 -9999 -9999 29 22 22 22 22 22 22 17 17 17 16 16 16 16 -9999 -9999 -9999 -9999 -9999 -9999 -9999 -9999 -9999 -9999 -9999 -9999 -9999 -9999 -9999 -9999 -9999 -9999 -9999 -9999 -9999 -9999
-9999 -9999 29 29 -9999 -9999 -9999 -9999 -9999 -9999 22 22 22 22 22 22 22 22 22 17 16 16 16 16 -9999 -9999 -9999 -9999 -9999 -9999 -9999 -9999 -9999 -9999 -9999 -9999 -9999 -9999 -9999 -9999 -9999 -9999 -9999 -9999 -9999 -9999
-9999 -9999 -9999 -9999 -9999 -9999 -9999 -9999 -9999 -9999 -9999 22 22 22 22 22 22 22 22 16 16 16 16 -9999 -9999 -9999 -9999 -9999 -9999 -9999 -9999 -9999 -9999 -9999 -9999 -9999 -9999 -9999 -9999 -9999 -9999 -9999 -9999 -9999 -9999 -9999
-9999 -9999 -9999 -9999 -9999 -9999 -9999 -9999 -9999 -9999 -9999 22 22 22 22 22 22 22 22 16 -9999 16 -9999 -9999 -9999 -9999 -9999 -9999 -9999 -9999 -9999 -9999 -9999 -9999 -9999 -9999 -9999 -9999 -9999 -9999 -9999 -9999 -9999 -9999 -9999 -9999
-9999 -9999 -9999 -9999 -9999 -9999 -9999 -9999 -9999 -9999 -9999 22 22 -9999 22 -9999 -9999 -9999 -9999 -9999 -9999 -9999 -9999 -9999 -9999 -9999 -9999 -9999 -9999 -9999 -9999 -9999 -9999 -9999 -9999 -9999 -9999 -9999 -9999 -9999 -9999 -9999 -9999 -9999 -9999 -9999
