GIS/rwa_init_pop.asc
ncols         46
nrows         40
xllcorner     706857.99042651
yllcorner     9685274.6198715
cellsize      5000
NODATA_value  -9999
-9999 -9999 -9999 -9999 -9999 -9999 -9999 -9999 -9999 -9999 -9999 -9999 -9999 -9999 -9999 -9999 -9999 -9999 -9999 -9999 -9999 -9999 -9999 -9999 -9999 -9999 -9999 -9999 -9999 -9999 -9999 -9999 -9999 -9999 -9999 3477 -9999 -9999 -9999 -9999 -9999 -9999 -9999 -9999 -9999 -9999 
-9999 -9999 -9999 -9999 -9999 -9999 -9999 -9999 -9999 -9999 -9999 -9999 -9999 -9999 -9999 -9999 -9999 -9999 -9999 -9999 -9999 -9999 -9999 -9999 -9999 -9999 -9999 -9999 -9999 -9999 -9999 -9999 -9999 1815 11083 2860 -9999 -9999 -9999 -9999 -9999 -9999 -9999 -9999 -9999 -9999 
-9999 -9999 -9999 -9999 -9999 -9999 -9999 -9999 -9999 -9999 -9999 -9999 -9999 -9999 -9999 -9999 -9999 -9999 -9999 -9999 -9999 -9999 -9999 -9999 -9999 -9999 -9999 -9999 -9999 -9999 -9999 -9999 1201 1190 9623 591 -9999 -9999 -9999 -9999 -9999 -9999 -9999 -9999 -9999 -9999 
-9999 -9999 -9999 -9999 -9999 -9999 -9999 -9999 -9999 -9999 -9999 -9999 -9999 -9999 -9999 -9999 -9999 -9999 -9999 -9999 -9999 -9999 -9999 -9999 -9999 -9999 -9999 -9999 -9999 -9999 -9999 -9999 1917 1035 4648 1087 759 -9999 -9999 -9999 -9999 -9999 -9999 -9999 -9999 -9999 
-9999 -9999 -9999 -9999 -9999 -9999 -9999 -9999 -9999 -9999 -9999 -9999 -9999 -9999 -9999 -9999 -9999 -9999 -9999 -9999 -9999 -9999 -9999 -9999 -9999 -9999 -9999 -9999 -9999 -9999 -9999 2401 2344 1562 6578 1589 464 -9999 -9999 -9999 -9999 -9999 -9999 -9999 -9999 -9999 
-9999 -9999 -9999 -9999 -9999 -9999 -9999 -9999 -9999 -9999 -9999 -9999 -9999 -9999 -9999 -9999 -9999 -9999 -9999 -9999 -9999 -9999 -9999 -9999 -9999 -9999 -9999 -9999 -9999 3928 3208 2469 6194 1900 3337 578 91 39 -9999 -9999 -9999 -9999 -9999 -9999 -9999 -9999 
-9999 -9999 -9999 -9999 -9999 -9999 -9999 -9999 -9999 -9999 -9999 -9999 -9999 -9999 -9999 -9999 -9999 -9999 -9999 -9999 -9999 7140 -9999 -9999 -9999 -9999 -9999 -9999 -9999 8988 9819 6381 2952 1563 1835 410 192 97 -9999 -9999 -9999 -9999 -9999 -9999 -9999 -9999 
-9999 -9999 -9999 -9999 -9999 -9999 -9999 -9999 -9999 -9999 -9999 -9999 -9999 -9999 -9999 -9999 -9999 -9999 4497 27950 13405 15770 8668 -9999 -9999 -9999 -9999 2854 6505 10742 11761 10773 4752 2677 2373 559 186 99 95 -9999 -9999 -9999 -9999 -9999 -9999 -9999 
-9999 -9999 -9999 -9999 -9999 -9999 -9999 -9999 -9999 -9999 -9999 -9999 -9999 -9999 -9999 8275 9368 9276 22013 20656 4760 16004 12454 -9999 -9999 -9999 6207 7038 7578 10305 10332 11614 9551 1605 4956 1583 365 136 101 131 95 -9999 -9999 -9999 -9999 -9999 
-9999 -9999 -9999 -9999 -9999 -9999 -9999 -9999 -9999 -9999 -9999 -9999 -9999 -9999 8319 15621 22031 18330 22124 16624 3326 14629 10659 -9999 8122 14910 12044 9220 5515 8530 9520 12012 7346 842 5073 1567 719 176 133 184 72 87 -9999 -9999 -9999 -9999 
-9999 -9999 -9999 -9999 -9999 -9999 -9999 -9999 -9999 -9999 -9999 10916 689 719 6221 20860 20319 49222 20045 12826 12339 15702 11506 9347 16670 17443 12725 11458 5858 7682 8402 7927 746 364 2500 284 144 112 130 172 101 81 -9999 -9999 -9999 -9999 
-9999 -9999 -9999 -9999 -9999 -9999 -9999 -9999 -9999 -9999 -9999 22267 11284 5153 14333 24917 15861 21256 24167 19456 18057 13000 12453 9078 12423 16424 22515 11091 8019 7480 11174 9415 3834 2698 1165 301 203 172 155 403 293 156 66 -9999 -9999 -9999 
-9999 -9999 -9999 -9999 -9999 -9999 -9999 -9999 -9999 -9999 17210 18879 23965 19233 23088 16504 12858 16887 17716 15803 17124 13689 13329 15121 16312 16399 23776 26070 9027 6937 9707 9957 8246 6417 5434 2306 1998 546 190 198 282 147 147 -9999 -9999 -9999 
-9999 -9999 -9999 -9999 -9999 -9999 -9999 -9999 -9999 13292 19509 21388 22338 16167 19909 18127 15319 16236 15109 12872 16781 14022 13004 15865 17033 14739 13108 11154 12198 8962 7763 7078 7906 8341 7070 6467 2095 729 104 84 117 97 126 126 -9999 -9999 
-9999 -9999 -9999 -9999 -9999 -9999 -9999 -9999 -9999 44044 28626 13224 5606 6110 16712 16851 12743 17430 13831 12472 12374 11610 13933 14478 15174 10269 10907 9705 10592 10084 7735 9769 9888 7720 9633 8461 2134 515 90 54 111 54 108 102 -9999 -9999 
-9999 -9999 -9999 -9999 -9999 -9999 -9999 -9999 -9999 27831 22062 16791 2370 2495 11586 18603 15889 16387 9923 10385 7517 10093 13023 13655 12053 9604 10530 8265 9748 12023 8333 12161 11531 9938 7288 7380 5253 1087 378 133 101 111 86 93 -9999 -9999 
-9999 -9999 -9999 -9999 -9999 -9999 -9999 -9999 -9999 19249 17906 7570 918 3592 10268 15199 17619 13023 13050 8287 6588 7655 10179 10246 8641 9348 15078 10765 9064 10522 10250 12283 11299 10327 13538 11194 6737 1779 2352 228 155 130 113 115 -9999 -9999 
-9999 -9999 -9999 -9999 -9999 -9999 -9999 -9999 -9999 -9999 14764 5754 5970 3999 14512 14432 14884 14046 12875 8383 10309 9113 11934 10479 8481 9671 15974 10679 9243 8574 10181 9275 9619 10403 9904 8429 11554 5342 4059 221 401 171 66 10 -9999 -9999 
-9999 -9999 -9999 -9999 -9999 -9999 -9999 -9999 -9999 -9999 17900 16513 7369 5723 11070 11304 12096 13529 10503 7874 9403 8694 8228 12241 10293 11716 16557 10587 7917 7310 10102 8674 7491 7708 7449 8370 8562 5655 3735 521 179 222 48 10 -9999 -9999 
-9999 -9999 -9999 -9999 -9999 -9999 -9999 -9999 -9999 8267 12638 15178 8354 10537 9284 11161 13059 13618 10863 9817 8734 12790 12154 18957 12166 9895 71923 43285 21621 7302 9097 8110 7722 9374 11332 22174 15209 7186 6859 4383 2762 111 111 -9999 -9999 -9999 
-9999 -9999 -9999 -9999 -9999 -9999 -9999 -9999 -9999 -9999 6093 11045 8305 11064 6358 11072 12062 12170 10889 8667 11014 10747 11015 15733 15261 13504 216631 159491 70268 22915 17524 7378 7068 7933 9706 17955 9202 8811 4769 4978 2462 512 2122 235 -9999 -9999 
-9999 -9999 -9999 -9999 -9999 -9999 -9999 -9999 -9999 -9999 -9999 12149 7849 8691 3529 9468 10814 9883 11235 8629 13415 11042 10952 12692 8487 7055 18213 24370 10377 12750 12090 9164 8614 7081 5646 7917 6561 10972 6269 5981 2910 1970 1166 525 -9999 -9999 
-9999 -9999 -9999 -9999 -9999 -9999 -9999 -9999 -9999 -9999 -9999 7785 19133 8939 10082 8943 9821 9287 11442 19494 27281 15193 11184 9162 9287 5143 6549 6762 5485 5620 7865 8479 7580 8463 8935 7026 8658 9180 5517 5422 5652 2916 657 967 602 -9999 
-9999 -9999 -9999 -9999 -9999 -9999 -9999 -9999 -9999 7318 7885 9455 13000 10936 8528 8253 9030 9930 8691 26600 22945 11745 11433 7903 12267 5231 4259 3032 7788 7677 6851 7738 7797 6136 8276 7779 7159 10601 6939 7559 9546 6469 4041 3182 2130 -9999 
-9999 -9999 -9999 -9999 -9999 -9999 -9999 -9999 -9999 10152 18555 12406 6394 7329 10204 9665 8527 10977 10208 14875 13604 10395 10349 8359 8781 4349 3194 9825 4996 7863 7857 4047 3816 5803 10445 7998 8450 17002 10841 5179 4777 5005 3755 3851 2431 -9999 
-9999 -9999 -9999 -9999 -9999 -9999 -9999 -9999 7985 9714 3239 8627 8825 7604 7301 9313 8207 9742 9669 10753 13485 11221 7640 10897 8725 7796 6173 4929 9371 12460 8513 3321 6413 7073 6628 7809 8247 10210 9525 5873 4145 3014 4166 6852 -9999 -9999 
-9999 -9999 -9999 -9999 -9999 -9999 -9999 7231 10724 7094 7234 9848 9155 6119 7100 6622 8372 12548 10751 11444 22097 11250 9160 8773 8642 8132 8751 7869 4526 5022 7122 3614 3913 7028 9535 5234 6811 8726 9196 7868 5683 3953 3661 7785 -9999 -9999 
-9999 -9999 -9999 -9999 -9999 -9999 4731 14123 16032 4530 3047 11215 9307 6646 5224 7017 7551 8663 9819 10561 13382 11391 8697 11040 7301 9066 9889 8977 4587 148 2978 5363 3821 6408 7075 5368 6068 7428 10990 8047 9194 7087 7818 3971 -9999 -9999 
-9999 -9999 -9999 14446 -9999 11588 17211 11740 17738 1938 238 3859 13463 8789 7339 5505 6942 7209 8865 10111 15236 8866 7308 9425 5425 10184 11382 9350 5453 847 3354 2279 799 1814 -9999 2851 9733 8211 8093 5503 4967 7136 7227 5485 -9999 -9999 
-9999 -9999 -9999 21142 -9999 12681 10623 9390 6088 539 155 3538 13736 6787 4737 7079 7637 7033 7333 22788 10829 7196 6480 8425 -9999 -9999 3408 8168 4390 253 -9999 2287 11 -9999 -9999 -9999 6002 7721 6709 6695 3269 -9999 7700 -9999 -9999 -9999 
-9999 22404 19922 16715 10927 6306 5064 9696 5012 335 250 2231 12044 9179 6305 8285 9484 10286 8839 5977 8623 6560 7351 7711 2657 -9999 -9999 3517 5992 1001 -9999 -9999 -9999 -9999 -9999 -9999 -9999 2073 929 -9999 -9999 -9999 -9999 -9999 -9999 -9999 
-9999 28831 13729 11379 3706 2062 253 3242 71 494 586 1705 8689 13470 10039 16561 15162 11227 10605 11447 10490 8959 8320 9355 5761 -9999 -9999 -9999 -9999 -9999 -9999 -9999 -9999 -9999 -9999 -9999 -9999 -9999 -9999 -9999 -9999 -9999 -9999 -9999 -9999 -9999 
-9999 13310 10941 19642 8930 255 275 269 257 311 553 820 7825 14705 11112 10797 13723 12876 13322 10783 11135 9693 10418 7967 -9999 -9999 -9999 -9999 -9999 -9999 -9999 -9999 -9999 -9999 -9999 -9999 -9999 -9999 -9999 -9999 -9999 -9999 -9999 -9999 -9999 -9999 
7219 10015 12829 22221 14880 4639 2050 330 306 320 658 628 2592 10752 9142 7128 7164 8447 12623 17523 19397 9077 9329 4829 -9999 -9999 -9999 -9999 -9999 -9999 -9999 -9999 -9999 -9999 -9999 -9999 -9999 -9999 -9999 -9999 -9999 -9999 -9999 -9999 -9999 -9999 
-9999 12921 15809 17165 9381 3876 4749 9233 2831 451 586 478 1951 10213 8740 5628 3676 7360 13757 37281 19385 10627 8161 5780 -9999 -9999 -9999 -9999 -9999 -9999 -9999 -9999 -9999 -9999 -9999 -9999 -9999 -9999 -9999 -9999 -9999 -9999 -9999 -9999 -9999 -9999 
-9999 15241 17338 15765 -9999 -9999 -9999 -9999 -9999 -9999 505 458 5178 8330 4524 6206 7569 9255 8997 28256 14352 6487 9181 5172 -9999 -9999 -9999 -9999 -9999 -9999 -9999 -9999 -9999 -9999 -9999 -9999 -9999 -9999 -9999 -9999 -9999 -9999 -9999 -9999 -9999 -9999 
-9999 -9999 4783 24455 -9999 -9999 -9999 -9999 -9999 -9999 129 583 7184 10020 4499 6854 8203 8660 9655 13549 11880 8331 13825 4100 -9999 -9999 -9999 -9999 -9999 -9999 -9999 -9999 -9999 -9999 -9999 -9999 -9999 -9999 -9999 -9999 -9999 -9999 -9999 -9999 -9999 -9999 
-9999 -9999 -9999 -9999 -9999 -9999 -9999 -9999 -9999 -9999 -9999 712 5033 10313 5152 8221 8591 10672 8542 12747 10536 12342 13986 -9999 -9999 -9999 -9999 -9999 -9999 -9999 -9999 -9999 -9999 -9999 -9999 -9999 -9999 -9999 -9999 -9999 -9999 -9999 -9999 -9999 -9999 -9999 
-9999 -9999 -9999 -9999 -9999 -9999 -9999 -9999 -9999 -9999 -9999 487 3332 10556 9024 9204 13748 9859 10815 15163 -9999 4306 -9999 -9999 -9999 -9999 -9999 -9999 -9999 -9999 -9999 -9999 -9999 -9999 -9999 -9999 -9999 -9999 -9999 -9999 -9999 -9999 -9999 -9999 -9999 -9999 
-9999 -9999 -9999 -9999 -9999 -9999 -9999 -9999 -9999 -9999 -9999 234 123 -9999 5976 -9999 -9999 -9999 -9999 -9999 -9999 -9999 -9999 -9999 -9999 -9999 -9999 -9999 -9999 -9999 -9999 -9999 -9999 -9999 -9999 -9999 -9999 -9999 -9999 -9999 -9999 -9999 -9999 -9999 -9999 -9999 
