GIS/rwa_travel.asc
ncols         46
nrows         40
xllcorner     706857.990427
yllcorner     9685274.61987
cellsize      5000
NODATA_value  -9999
-9999 -9999 -9999 -9999 -9999 -9999 -9999 -9999 -9999 -9999 -9999 -9999 -9999 -9999 -9999 -9999 -9999 -9999 -9999 -9999 -9999 -9999 -9999 -9999 -9999 -9999 -9999 -9999 -9999 -9999 -9999 -9999 -9999 -9999 -9999 83.6955 -9999 -9999 -9999 -9999 -9999 -9999 -9999 -9999 -9999 -9999 
-9999 -9999 -9999 -9999 -9999 -9999 -9999 -9999 -9999 -9999 -9999 -9999 -9999 -9999 -9999 -9999 -9999 -9999 -9999 -9999 -9999 -9999 -9999 -9999 -9999 -9999 -9999 -9999 -9999 -9999 -9999 -9999 -9999 92.28174 75.8156 80.87507 -9999 -9999 -9999 -9999 -9999 -9999 -9999 -9999 -9999 -9999 
-9999 -9999 -9999 -9999 -9999 -9999 -9999 -9999 -9999 -9999 -9999 -9999 -9999 -9999 -9999 -9999 -9999 -9999 -9999 -9999 -9999 -9999 -9999 -9999 -9999 -9999 -9999 -9999 -9999 -9999 -9999 -9999 107.4871 81.77988 68.486 80.13787 -9999 -9999 -9999 -9999 -9999 -9999 -9999 -9999 -9999 -9999 
-9999 -9999 -9999 -9999 -9999 -9999 -9999 -9999 -9999 -9999 -9999 -9999 -9999 -9999 -9999 -9999 -9999 -9999 -9999 -9999 -9999 -9999 -9999 -9999 -9999 -9999 -9999 -9999 -9999 -9999 -9999 -9999 92.05 75.8364 65.69 78.0976 109.4728 -9999 -9999 -9999 -9999 -9999 -9999 -9999 -9999 -9999 
-9999 -9999 -9999 -9999 -9999 -9999 -9999 -9999 -9999 -9999 -9999 -9999 -9999 -9999 -9999 -9999 -9999 -9999 -9999 -9999 -9999 -9999 -9999 -9999 -9999 -9999 -9999 -9999 -9999 -9999 -9999 95.97245 80.5376 90.51 65.394 71.072 103.59 -9999 -9999 -9999 -9999 -9999 -9999 -9999 -9999 -9999 
-9999 -9999 -9999 -9999 -9999 -9999 -9999 -9999 -9999 -9999 -9999 -9999 -9999 -9999 -9999 -9999 -9999 -9999 -9999 -9999 -9999 -9999 -9999 -9999 -9999 -9999 -9999 -9999 -9999 97.72173 93.24772 83.8004 65.982 85.1824 65.6168 73.7592 120.3064 160.1758 -9999 -9999 -9999 -9999 -9999 -9999 -9999 -9999 
-9999 -9999 -9999 -9999 -9999 -9999 -9999 -9999 -9999 -9999 -9999 -9999 -9999 -9999 -9999 -9999 -9999 -9999 -9999 -9999 -9999 56.99037 -9999 -9999 -9999 -9999 -9999 -9999 -9999 77.18579 80.3156 76.0196 63.7008 61.1912 62.8636 83.9508 95.7516 115.5193 -9999 -9999 -9999 -9999 -9999 -9999 -9999 -9999 
-9999 -9999 -9999 -9999 -9999 -9999 -9999 -9999 -9999 -9999 -9999 -9999 -9999 -9999 -9999 -9999 -9999 -9999 127.8172 21.1932 29.71376 40.8312 65.82728 -9999 -9999 -9999 -9999 52.85482 61.2425 61.2676 69.0308 74.4896 66.3872 58.7024 57.9524 81.38 92.3676 113.6648 157.372 -9999 -9999 -9999 -9999 -9999 -9999 -9999 
-9999 -9999 -9999 -9999 -9999 -9999 -9999 -9999 -9999 -9999 -9999 -9999 -9999 -9999 -9999 23.46496 26.3732 22.0988 28.0596 15.4928 35.7736 42.5224 52.09326 -9999 -9999 -9999 32.04871 33.8896 46.6544 52.8348 64.1384 66.7348 74.98 79.7076 48.5676 64.1348 88.6936 114.2964 126.2888 154.7884 227.1577 -9999 -9999 -9999 -9999 -9999 
-9999 -9999 -9999 -9999 -9999 -9999 -9999 -9999 -9999 -9999 -9999 -9999 -9999 -9999 33.28357 8.9348 5.6796 2.1024 3.8804 15.8932 52.3628 41.8608 61.0888 -9999 77.28741 16.35328 13.8272 29.0552 40.8424 50.352 51.5288 62.0144 77.5444 93.8564 48.5796 67.5032 107.7304 113.8532 123.2748 143.986 166.6612 165.3297 -9999 -9999 -9999 -9999 
-9999 -9999 -9999 -9999 -9999 -9999 -9999 -9999 -9999 -9999 -9999 24.71701 139.7927 231.9808 99.8512 2.1696 3.0188 1.0392 8.0372 33.2268 38.0664 42.354 50.744 64.9888 40.3292 18.6884 8.1224 17.1244 29.0208 37.7568 46.7948 60.8612 77.7488 86.5148 47.0848 81.5136 123.792 117.2728 115.9528 117.2116 129.3864 158.0691 -9999 -9999 -9999 -9999 
-9999 -9999 -9999 -9999 -9999 -9999 -9999 -9999 -9999 -9999 -9999 3.75 26.7052 67.512 22.2272 7.9612 17.6084 8.2788 13.1632 17.0924 35.604 36.1616 43.9212 63.1896 44.1164 10.4276 2.888 7.1816 23.51 33.8268 45.5308 52.426 57.8412 45.6648 46.4636 68.4464 95.6596 77.0592 99.9588 117.3644 148.644 134.9148 179.7151 -9999 -9999 -9999 
-9999 -9999 -9999 -9999 -9999 -9999 -9999 -9999 -9999 -9999 17.01177 6.252 0.7976 10.6876 10.7824 21.1932 25.1636 17.6236 21.024 26.8788 41.7984 61.6904 43.8484 29.4512 21.174 5.2472 1.8892 4.1968 19.0428 29.0684 38.6484 47.8556 51.6188 40.2308 42.1552 62.1736 60.5052 82.118 76.484 113.6576 122.57 134.674 217.2852 -9999 -9999 -9999 
-9999 -9999 -9999 -9999 -9999 -9999 -9999 -9999 -9999 6.709341 24.1216 15.1016 19.622 32.7028 22.8636 55.1508 37.452 26.4644 31.3528 48.8568 19.3212 22.666 26.7888 27.0408 25.5772 22.1212 13.0548 8.434 9.4592 21.2668 34.6652 52.0008 48.8308 38.57 34.7812 40.3716 57.992 78.4404 66.4448 96.9076 90.748 139.9968 229.0984 281.9121 -9999 -9999 
-9999 -9999 -9999 -9999 -9999 -9999 -9999 -9999 -9999 1.2544 11.3952 29.7916 31.032 26.6828 18.5092 28.7044 36.5352 37.9432 50.1504 50.1736 34.006 37.6156 35.0764 23.1228 21.3908 29.4048 44.542 17.1668 15.5696 26.1732 38.2088 49.304 55.046 45.2916 30.5516 34.1732 45.5912 46.526 58.9904 66.1084 88.6684 119.5852 159.7476 191.7783 -9999 -9999 
-9999 -9999 -9999 -9999 -9999 -9999 -9999 -9999 -9999 10.6232 27.902 52.8296 53.6696 37.4276 37.0336 28.6356 45.7276 42.5296 56.6696 48.262 57.948 56.6988 32.9044 32.6888 27.7456 48.6644 49.9956 22.2832 14.4796 28.4224 41.8024 45.7264 36.3136 30.7796 27.094 33.2892 34.154 37.4504 48.5396 57.6376 71.298 98.0236 114.146 139.461 -9999 -9999 
-9999 -9999 -9999 -9999 -9999 -9999 -9999 -9999 -9999 34.998 25.0496 101.0688 125.2924 54.8436 42.888 35.2612 40.2432 48.134 69.8128 87.4704 62.2976 78.7204 38.276 23.1744 24.456 32.8504 39.9448 17.8488 11.0588 21.8552 33.8864 38.4752 36.358 35.352 19.88 23.0504 24.0608 31.2096 38.0644 46.172 68.6372 79.7436 102.1736 203.2731 -9999 -9999 
-9999 -9999 -9999 -9999 -9999 -9999 -9999 -9999 -9999 -9999 35.2616 91.8664 148.7672 65.722 57.6676 49.5604 52.5172 41.136 56.0428 89.96 43.2056 51.116 35.5548 28.282 20.0108 16.1988 16.718 5.5304 12.0976 23.1984 25.4504 23.4004 26.5724 29.1024 22.0108 14.8952 14.964 23.5904 26.018 42.9228 59.8364 74.0916 107.6588 181.9764 -9999 -9999 
-9999 -9999 -9999 -9999 -9999 -9999 -9999 -9999 -9999 -9999 43.516 71.4052 103.9424 71.6816 77.9068 53.3556 45.4448 40.3036 46.4784 47.8932 41.7788 53.0112 49.2368 28.4444 14.4016 8.4276 5.2644 1.3356 7.316 18.3544 17.5256 11.7368 13.8048 26.2052 17.9552 9.0224 9.116 13.9908 24.0972 39.8896 47.5176 59.6212 87.7188 121.9659 -9999 -9999 
-9999 -9999 -9999 -9999 -9999 -9999 -9999 -9999 -9999 74.8172 51.1644 54.87 77.8588 79.1744 65.274 124.4472 90.822 27.9384 50.4616 44.9764 40.0712 43.6656 34.3748 31.5344 17.8024 2.1676 0.346 0 0.9 10.8852 9.2492 6.0916 9.7924 19.4668 10.1056 1.8464 7.0672 15.0444 25.4976 35.7356 39.2736 66.7704 96.1044 -9999 -9999 -9999 
-9999 -9999 -9999 -9999 -9999 -9999 -9999 -9999 -9999 -9999 77.1312 66.1128 69.6476 93.6012 100.5512 153.3416 77.1672 36.4912 22.9896 35.4964 21.7164 21.4884 23.4368 19.004 5.2376 1.0492 0.0432 0 0.1124 1.9064 1.438 3.8384 12.7884 11.9088 5.3 2.7636 17.782 14.0264 24.4128 30.044 40.3632 58.7232 79.8512 160.0277 -9999 -9999 
-9999 -9999 -9999 -9999 -9999 -9999 -9999 -9999 -9999 -9999 -9999 73.8484 72.7584 67.7764 95.14 138.7824 49.9796 35.712 20.4816 29.9832 19.2168 23.9312 10.7708 8.8464 13.8 10.1864 6.0996 2.7716 5.4896 6.9196 6.2908 12.32 21.4644 24.0728 19.2168 12.8532 35.1448 30.434 22.4616 33.5068 46.036 56.1496 80.7624 120.846 -9999 -9999 
-9999 -9999 -9999 -9999 -9999 -9999 -9999 -9999 -9999 -9999 -9999 74.5672 53.5884 50.7568 53.0548 50.5752 28.3328 26.3304 15.2728 6.4324 8.7484 7.3072 33.886 16.03 24.386 22.6372 18.3016 11.4312 26.7984 26.4696 18.2528 21.3912 45.3956 41.4008 25.9524 24.8244 34.2184 28.0828 23.1104 34.9588 49.0756 64.7904 87.6316 92.2912 100.4937 -9999 
-9999 -9999 -9999 -9999 -9999 -9999 -9999 -9999 -9999 95.6248 75.572 73.7224 93.3712 73.2808 61.3192 75.4196 29.5712 21.2876 18.3 6.3008 5.368 17.2116 46.4036 24.4108 30.844 38.4076 23.67 17.9348 40.9832 37.5184 35.078 31.9884 42.76 62.11 51.6664 40.0852 39.5204 28.3156 29.5104 39.7376 52.9156 63.3744 72.282 84.4748 102.9578 -9999 
-9999 -9999 -9999 -9999 -9999 -9999 -9999 -9999 -9999 100.448 86.4788 85.5164 117.5444 78.9036 53.3924 45.2188 43.7616 32.5428 16.8168 9.6048 15.9824 36.2012 36.2832 32.0212 31.1072 41.7464 24.7392 19.3476 35.2784 41.9228 47.3084 55.072 53.9556 60.0016 54.058 46.8164 37.5404 27.9176 28.7652 38.0812 50.9172 56.2628 68.1912 82.6496 100.3802 -9999 
-9999 -9999 -9999 -9999 -9999 -9999 -9999 -9999 86.9744 87.0244 98.7336 105.2052 100.9908 83.7368 56.7032 43.8868 42.3032 31.9032 23.0596 16.1684 9.5908 40.814 37.06 25.436 36.6356 46.0476 33.4136 25.668 34.3028 42.6048 39.5404 46.9604 54.5336 59.3992 57.696 51.5924 44.434 32.8544 31.8804 44.296 58.3776 71.4276 70.996 76.4108 -9999 -9999 
-9999 -9999 -9999 -9999 -9999 -9999 -9999 118.7524 82.5932 130.2972 106.1028 133.1424 92.6488 76.932 82.9804 54.1952 37.0572 30.6844 21.7376 12.6512 4.6768 13.3096 20.1936 36.1352 45.1116 46.6892 40.6732 43.0088 40.6108 31.394 31.2196 52.208 81.242 66.5516 58.406 69.0648 53.8996 36.8588 43.3632 54.89 54.9428 58.6876 64.1992 69.808 -9999 -9999 
-9999 -9999 -9999 -9999 -9999 -9999 84.488 61.6824 83.128 99.9216 119.3296 115.6392 121.3668 149.3516 137.7792 56.8048 49.884 37.6208 23.9976 19.4748 10.0032 18.494 30.4356 39.7228 48.7224 51.598 50.7156 49.5248 46.8768 51.1148 37.0532 53.6004 92.8884 81.1248 71.4972 61.0948 48.202 38.042 42.7756 48.3152 46.966 49.7808 57.2312 68.9872 -9999 -9999 
-9999 -9999 -9999 52.3444 -9999 58.4312 56.5496 112.51 145.0452 138.7076 193.0536 137.4668 91.7592 108.7956 96.1608 63.4584 66.0624 42.9948 28.4808 16.4588 12.7992 29.3172 30.5092 37.056 56.06068 55.79529 65.4272 60.7756 59.6176 41.0988 47.1684 92.6828 133.2696 101.4462 -9999 58.77412 52.4232 44.81 47.4016 56.466 61.9188 56.1008 55.9264 68.21082 -9999 -9999 
-9999 -9999 -9999 38.6532 -9999 56.38 63.972 128.7704 109.8212 142.7292 260.2064 141.3936 99.2184 89.9352 79.8316 67.0188 58.7164 52.1924 28.826 19.1628 16.7732 35.3264 35.31 48.0392 -9999 -9999 75.22894 65.1068 56.25 67.96388 -9999 100.3933 113.4265 -9999 -9999 -9999 58.89928 56.1892 63.6944 68.3928 76.36687 -9999 62.56572 -9999 -9999 -9999 
-9999 11.5568 24.444 24.8572 42.7596 60.3636 94.9564 81.8336 178.6544 236.6472 329.8408 188.2604 107.986 96.1576 88.7152 74.5408 52.1424 42.3292 40.3652 59.6144 24.6 33.1584 40.6688 49.994 58.33052 -9999 -9999 92.45309 90.51034 79.67449 -9999 -9999 -9999 -9999 -9999 -9999 -9999 79.55556 96.19596 -9999 -9999 -9999 -9999 -9999 -9999 -9999 
-9999 3.7068 15.374 22.6364 45.5652 42.6916 86.8932 63.1288 113.3168 131.1252 173.4568 210.3768 114.476 85.1656 77.3828 71.6276 56.2568 50.6288 59.5516 42.6952 30.688 42.8976 45.4816 46.766 59.23824 -9999 -9999 -9999 -9999 -9999 -9999 -9999 -9999 -9999 -9999 -9999 -9999 -9999 -9999 -9999 -9999 -9999 -9999 -9999 -9999 -9999 
-9999 6.1848 12.0412 28.6772 64.4188 98.3864 130.3892 121.5736 73.9076 95.226 91.2004 134.64 89.5004 80.04 74.0496 82.984 59.3004 53.2324 59.0384 36.1012 26.746 42.1472 54.1412 65.25753 -9999 -9999 -9999 -9999 -9999 -9999 -9999 -9999 -9999 -9999 -9999 -9999 -9999 -9999 -9999 -9999 -9999 -9999 -9999 -9999 -9999 -9999 
12.6466 9.2508 21.2616 26.7476 38.4644 71.5836 188.1464 196.7136 93.8 171.2372 184.5852 133.8252 116.5252 83.9012 83.6352 90.0864 119.8552 80.018 37.3152 29.162 28.0972 50.628 70.9748 109.3101 -9999 -9999 -9999 -9999 -9999 -9999 -9999 -9999 -9999 -9999 -9999 -9999 -9999 -9999 -9999 -9999 -9999 -9999 -9999 -9999 -9999 -9999 
-9999 16.6116 23.6704 23.42 39.45918 94.0878 132.9271 129.6617 122.3337 229.5495 239.3788 193.5008 123.8544 87.63 80.1624 73.0492 76.3732 62.0328 37.8616 28.3864 34.5188 59.03 85.154 101.2799 -9999 -9999 -9999 -9999 -9999 -9999 -9999 -9999 -9999 -9999 -9999 -9999 -9999 -9999 -9999 -9999 -9999 -9999 -9999 -9999 -9999 -9999 
-9999 20.1541 11.1124 15.8188 -9999 -9999 -9999 -9999 -9999 -9999 254.3867 176.9304 134.2516 90.2568 78.6464 68.382 60.4628 54.8996 42.256 32.198 37.8976 63.2968 69.0324 82.81136 -9999 -9999 -9999 -9999 -9999 -9999 -9999 -9999 -9999 -9999 -9999 -9999 -9999 -9999 -9999 -9999 -9999 -9999 -9999 -9999 -9999 -9999 
-9999 -9999 15.81018 5.720763 -9999 -9999 -9999 -9999 -9999 -9999 359.6559 273.7148 144.2456 97.9184 88.3516 77.482 66.4352 56.0412 43.8776 42.5684 46.4648 55.6492 57.7256 74.11152 -9999 -9999 -9999 -9999 -9999 -9999 -9999 -9999 -9999 -9999 -9999 -9999 -9999 -9999 -9999 -9999 -9999 -9999 -9999 -9999 -9999 -9999 
-9999 -9999 -9999 -9999 -9999 -9999 -9999 -9999 -9999 -9999 -9999 292.7428 115.5824 93.6392 101.3952 81.2284 68.6832 56.5768 46.7592 42.1412 35.0256 38.6172 51.1648 -9999 -9999 -9999 -9999 -9999 -9999 -9999 -9999 -9999 -9999 -9999 -9999 -9999 -9999 -9999 -9999 -9999 -9999 -9999 -9999 -9999 -9999 -9999 
-9999 -9999 -9999 -9999 -9999 -9999 -9999 -9999 -9999 -9999 -9999 308.1892 143.2477 102.9855 94.5004 82.6088 71.066 55.70472 49.40275 35.7816 -9999 44.38485 -9999 -9999 -9999 -9999 -9999 -9999 -9999 -9999 -9999 -9999 -9999 -9999 -9999 -9999 -9999 -9999 -9999 -9999 -9999 -9999 -9999 -9999 -9999 -9999 
-9999 -9999 -9999 -9999 -9999 -9999 -9999 -9999 -9999 -9999 -9999 292.2223 201.5717 -9999 91.98779 -9999 -9999 -9999 -9999 -9999 -9999 -9999 -9999 -9999 -9999 -9999 -9999 -9999 -9999 -9999 -9999 -9999 -9999 -9999 -9999 -9999 -9999 -9999 -9999 -9999 -9999 -9999 -9999 -9999 -9999 -9999 
